5
0

0.8544246580215984
1

0.07553257711316497
2

0.890862032052824
3
0 1 2 
0.9498390567458582 0.7884273012430928 0.4660361231752723 0.8593723448245155 0.19990661276875554 0.6856170612629742 0.5309881811713444 0.7909029907188133 
4
0 1 2 3 
0.3279378639744168 0.837960172560841 0.30076309177628635 0.23767395054567808 0.7888921259824482 0.8283431698437128 0.658073784399653 0.46908009050127875 0.5880968643012319 0.36840655372614206 0.28391228975578797 0.9907274788048628 0.07558941902207039 0.2703410505554863 0.06064610246102431 0.25154722313130884 
